title,price,link_item,index,discount,sales,category
Combo 4 Quần Sịp Nam Thông Hơi Cao Cấp,95.000₫,https://tiki.vn/hop-4-quan-sip-nam-thong-hoi-cao-cap-sieu-hot-hit-p36019489.html?spid=56887497,1,-60%,Đã bán 11,dolotnam
"Combo 5 Quần Lót Nam Boxer, Quần Sịp Đùi Nam Dệt Kim Cao Cấp, Siêu Thoáng Mát, Siêu Thấm Mồ Hôi, Siêu Bền",87.000₫,https://tiki.vn/combo-5-quan-lot-nam-boxer-quan-sip-dui-nam-det-kim-cao-cap-sieu-thoang-mat-sieu-tham-mo-hoi-sieu-ben-p54617080.html?spid=94782517,2,-9%,Đã bán 2,dolotnam
set 3 quần shịp tam giác thông hơi mát lạnh cho nam,75.000₫,https://tiki.vn/set-3-quan-ship-tam-giac-thong-hoi-mat-lanh-cho-nam-p49524661.html?spid=83619534,3,,,dolotnam
Quần lót Nam Novelty Regular fit ĐEN-XANH ĐEN-XÁM ĐEN,79.000₫,https://tiki.vn/quan-lot-nam-novelty-regular-fit-den-xanh-den-xam-den-p273608377.html?spid=273608385,4,-43%,,dolotnam
,,https://tiki.vn/combo-4-quan-sip-dui-thong-hoi-p73215547.html?spid=200826551,5,-5%,,dolotnam
Quần Lót Tam Giác Đai Lưng Xéo Nam - X9 Sportswear - X055,125.000₫,https://tiki.vn/quan-lot-boxer-dai-lung-xeo-nam-thoang-khi-x9-sportswear-x057-p269894110.html?spid=269894118,6,,,dolotnam
Combo 3 quần lót đùi nam xuất Nhật thông hơi - Đóng gói ngẫu nhiên không hộp,63.050₫,https://tiki.vn/combo-3-quan-lot-dui-nam-xuat-nhat-thong-hoi-dong-goi-ngau-nhien-khong-hop-p71924622.html?spid=200822120,7,-39%,,dolotnam
Hộp 4 Quần lót nam thông hơi - Quần sịp đùi nam,98.000₫,https://tiki.vn/hop-4-quan-lot-nam-thong-hoi-quan-sip-dui-nam-p128971030.html?spid=253313773,8,-6%,,dolotnam
"Quần Lót Nam Thông Hơi BOXER, Quần Sịp Xì Nam Dạng Đùi Thông Hơi Nhật BOSHILAISI",131.000,https://tiki.vn/quan-lot-nam-thong-hoi-boxer-quan-sip-xi-nam-dang-dui-thong-hoi-nhat-boshilaisi-p155378264.html?spid=196003531,9,-5%,,dolotnam
,,https://tiki.vn/combo-5-quan-lot-nam-thoang-khi-nhat-005-p20322039.html?spid=188221773,10,,,dolotnam
HỘP 4 QUẦN XỊP MEN THÔNG HƠI CAO CẤP,134.000₫,https://tiki.vn/hop-4-quan-xip-men-thong-hoi-cao-cap-p168620336.html?spid=177761759,11,,,dolotnam
Set 5 quần lót đùi nam Nhật Bản,105.000,https://tiki.vn/set-5-quan-lot-dui-nam-nhat-ban-p20878585.html?spid=186498108,12,-20%,Đã bán 1,dolotnam
,,https://tiki.vn/hop-5-quan-lot-nam-dui-thong-hoi-xuat-nhat-p154167559.html?spid=199971079,13,,,dolotnam
Quần Ship Nam Thông Hơi Chống Hầm Bí Combo 4 Quần - Quần Lót Nam Thông Hơi Combo 4 Quần,115.000₫,https://tiki.vn/quan-ship-nam-thong-hoi-chong-ham-bi-combo-4-quan-quan-lot-nam-thong-hoi-combo-4-quan-p68528745.html?spid=263691489,14,,,dolotnam
Quần Sịp Nam Boxer - Quần Lót Nam Cao Cấp M122 - Chất Liệu Chọn Lọc Cao Cấp Co Dãn 4 Chiều Thoáng Khí,80.000₫,https://tiki.vn/quan-sip-nam-boxer-quan-lot-nam-cao-cap-m122-chat-lieu-chon-loc-cao-cap-co-dan-4-chieu-thoang-khi-p272414680.html?spid=272414688,15,,,dolotnam
Giày lười đi bộ Thoáng Khí 21658,55.400₫,https://tiki.vn/giay-luoi-di-bo-thoang-khi-21658-p161561225.html?spid=161561719,16,,,dolotnam
QUẦN LÓT NAM COTTON TÚI ZIP BẠC,33.000₫,https://tiki.vn/combo-10-quan-lot-nam-tui-zip-bac-p242064279.html?spid=242064291,17,,,dolotnam
,,https://tiki.vn/combo-5-quan-lot-tam-giac-nam-det-kim-freesize-50-85kg-ma-s01-p37255804.html?spid=56864734,18,,,dolotnam
Quần Lót Boxer Nam Hero M289 - Thời Trang Họa Tiết Đột Phá Phong Cách Phái Mạnh,114.000₫,https://tiki.vn/quan-lot-nam-boxer-super-hero-ca-tinh-m289-p208590912.html?spid=208590916,19,,,dolotnam
Bộ 4 quần lót nam tam giác thông hơi cao cấp,68.000₫,https://tiki.vn/bo-4-quan-lot-nam-tam-giac-thong-hoi-p25304433.html?spid=95994598,20,,,dolotnam
Bộ 4 quần lót nam Munafie hàng dệt kim cao cấp (Có túi zip) - Quần sịp tam giác- WS17,66.000₫,https://tiki.vn/bo-4-quan-lot-nam-munafie-hang-det-kim-cao-cap-co-tui-zip-quan-sip-tam-giac-ws17-p47312339.html?spid=56888019,21,,Đã bán 9,dolotnam
Bộ 4 quần lót nam đùi thông hơi cao cấp,80.000₫,https://tiki.vn/bo-4-quan-lot-nam-dui-thong-hoi-cao-cap-p25304742.html?spid=56863492,22,,,dolotnam
BỘ 10 quần lót nam dạng tam giác cạp chữ (Mẫu 304- cạp chữ),227.950₫,https://tiki.vn/bo-10-quan-lot-nam-dang-tam-giac-cap-chu-mau-304-cap-chu-p5087247.html?spid=200827306,23,,,dolotnam
COMBO 5 QUẦN TAM GIÁC NAM COTTON LƯNG CHỮ 202,167.000₫,https://tiki.vn/combo-5-quan-tam-giac-nam-cotton-lung-chu-manino-202-p54062097.html?spid=54062103,24,,Đã bán 1,dolotnam
{KÈM TÚI ZIP SANG TRỌNG} Combo gồm 5 quần lót đùi nam boxer Munafie co giãn xuất Nhật,128.000,https://tiki.vn/kem-tui-zip-sang-trong-combo-gom-5-quan-lot-dui-nam-boxer-munafie-co-gian-xuat-nhat-p52277193.html?spid=53325370,25,,Đã bán 2,dolotnam
,,https://tiki.vn/combo-5-quan-sip-cheo-cotton-nam-xuat-nhat-tui-zip-bac-p52054230.html?spid=93878266,26,,,dolotnam
Combo 4 chiếc quần lót nam cotton co giãn thoáng khí,218.000₫,https://tiki.vn/combo-4-chiec-quan-lot-nam-cotton-co-gian-thoang-khi-p71877299.html?spid=72874643,27,,,dolotnam
QUẦN LÓT NAM TAM GIÁC THUN LẠNH ERIVI’S 066,34.000₫,https://tiki.vn/quan-lot-nam-tam-giac-thun-lanh-erivi-s-066-p244297746.html?spid=244297777,28,,,dolotnam
Combo 5 Quần Lót Nam Cao Cấp Munafie Co Dãn Xuất Nhật Kèm Túi Zip,123.500₫,https://tiki.vn/combo-5-quan-lot-nam-cao-cap-munafie-co-dan-xuat-nhat-kem-tui-zip-p37970004.html?spid=50615130,29,,Đã bán 15,dolotnam
"Quần lót nam tam giác LADOS-4128 chất thun bamboo cao cấp thấm hút mồ hôi, co giãn thoải mái",49.000₫,https://tiki.vn/quan-lot-nam-tam-giac-lados-4128-chat-thun-bamboo-cao-cap-tham-hut-mo-hoi-co-gian-thoai-mai-p273523019.html?spid=273523041,30,,,dolotnam
,,https://tiki.vn/quan-lot-boxer-nam-xanh-duong-khatoco-q5m128r0-vnti432-2510-b-p273559011.html?spid=273559013,31,,,dolotnam
Quần lót nam xanh đen Khatoco Q4M118R0-VNXA434-2510-T,94.400₫,https://tiki.vn/quan-lot-nam-xanh-den-khatoco-q4m118r0-vnxa434-2510-t-p273558601.html?spid=273558607,32,,,dolotnam
Sịp Đùi- Quần Lót Nam Boxer Cotton Mềm Nhẹ Thoáng Khí Họa Tiết Chữ New K023 - Nâu tím - L,64.000₫,https://tiki.vn/sip-dui-quan-lot-nam-boxer-cotton-mem-nhe-thoang-khi-hoa-tiet-chu-new-k023-nau-tim-l-p100113369.html?spid=100113370,33,,,dolotnam
Quần lót nam sexy gợi cảm,49.000₫,https://tiki.vn/quan-lot-nam-sexy-goi-cam-p217266054.html?spid=217266055,34,,,dolotnam
Combo 4 quần lót nam boxer gân kháng khuẩn,139.000,https://tiki.vn/combo-4-quan-lot-nam-boxer-gan-khang-khuan-p68961635.html?spid=68961641,35,,,dolotnam
,,https://tiki.vn/quan-sip-nam-chu-v-nang-mong-sieu-thoang-k367-trang-m-p103243180.html?spid=103243181,36,,,dolotnam
Combo 4 quần Jones 301,88.000₫,https://tiki.vn/combo-4-quan-jones-301-p101949878.html?spid=101949902,37,,Đã bán 4,dolotnam
Quần Sịp Nam Chữ V Nâng Mông Siêu Thoáng K367 - Trắng - L,65.000₫,https://tiki.vn/quan-sip-nam-chu-v-nang-mong-sieu-thoang-k367-trang-l-p103243177.html?spid=103243178,38,,Đã bán 13,dolotnam
Quần lót tam giác ren lưới,23.000₫,https://tiki.vn/quan-lot-tam-giac-ren-luoi-p217263031.html?spid=217263033,39,,Đã bán 1,dolotnam
Quần lót dây bằng cotton thoải mái quyến rũ cho nam,39.000₫,https://tiki.vn/quan-lot-day-bang-cotton-thoai-mai-quyen-ru-cho-nam-p217263365.html?spid=217263366,40,,,dolotnam
